99202
99203
99204
99205
99213
99214
99215
99500
99502
99503
99505
99506
99509
99510
99511
99512
99600
99602
92521
92522
92523
97162
97163
97164
97165
97166
97167
97168
G0008
G0009
G0010
M0201
T1019
T1020
T1021
T1022
G0151
G0152
G0153
G0156
G0299
G0300
S5125
S9131
A9272
70030
70100
70110
70120
70130
70134
70140
70150
70160
70190
70200
70210
70220
70240
70250
70260
70328
70330
70336
70360
70370
70450
70460
70470
70480
70481
70482
70486
70487
70488
70490
70491
70492
70540
70542
70543
70544
70551
70552
70553
71010
71020
71021
71022
71023
71030
71034
71035
71046
71100
71101
71110
71111
71120
71130
71250
71260
71270
71275
71550
71551
71552
72020
72040
72050
72052
72070
72072
72074
72080
72082
72083
72084
72100
72110
72114
72120
72125
72126
72127
72128
72129
72130
72131
72132
72133
72141
72142
72146
72147
72148
72149
72156
72157
72158
72170
72190
72192
72193
72194
72195
72196
72197
72200
72202
72220
73000
73010
73020
73030
73040
73050
73060
73070
73080
73090
73092
73100
73110
73120
73130
73140
73200
73201
73202
73218
73219
73220
73221
73222
73223
73501
73502
73503
73521
73522
73523
73525
73551
73552
73560
73561
73562
73564
73565
73580
73590
73592
73600
73610
73620
73630
73650
73660
73700
73701
73702
73718
73719
73720
73721
73722
73723
74000
74010
74020
74150
74160
74170
74176
74177
74178
74181
74182
74183
74220
74240
74241
74245
74246
74247
74249
74250
74251
74270
74280
74400
74410
74740
75561
75571
76010
76080
76376
76377
76536
76604
76642
76700
76705
76770
76775
76830
76856
76857
76870
76882
77002
77003
77012
77072
77073
77074
77075
77076
77077
77080
93971
95870
95885
95886
95887
95909
95910
95911
95912
95913
78306
20600
20605
20610
20611
23410
23412
23430
23472
24341
25310
26055
27096
27130
27427
27447
27507
27514
27650
27786
29806
29807
29823
29826
29827
29828
29881
29888
20550
20551
20552
20553
62321
62323
64483
64484
64490
64493
64633
64635
76942
77003
L3908
L4361
L0625
L0631
L1832
L1833
A4570
A4556
E0730
A9270
95860
95861
95863
95864
95907
95908
95912
97012
97014
97016
97035
97530
97760
97761
97763
